12.141406532590782
4.55489200471575
2.5673666260367822
12.19351653969979
12.78372755227871
1.2055652005000008
14.826872112706353
4.643699755289818
2.914079156255503
1.4431893263445528
14.73938738586368
4.955765525134837
13.009633670297589
4.664401173563705
4.5191443207949336
4.037905647380059
9.521613318872916
2.396090955867594
4.956780771286622
8.684380428038969
2.882123283484857
15.762866646031789
9.711530977485477
4.740704412412838
13.98655632260083
8.476297509391044
2.5919501189877043
8.17313055007398
9.572975443992584
8.014553605667125
8.63401623045721
9.919040047559346
1.3411223959557417
1.2586785555541526
15.308838631906912
15.455031021937216
1.5056533218258792
8.353579926605871
4.230130522139502
12.325623064845722
2.346827096296514
4.5632888256334905
4.368814414837836
9.347653840563815
12.912913734159542
1.3364526791468658
2.5757046939616517
12.510582852050202
15.495348177373137
4.634130169579885
4.836014212078286
8.223678893061184
4.814333002013935
1.628320352661431
9.793553693306059
1.8077054291994363
1.0566427143878825
4.174573455401155
4.737554150310888
4.822234796195922
2.0198560754334505
4.009278883848013
14.218346908132464
1.703804489930253
15.471104561780145
4.904825051188908
1.9854657923584096
8.189327516509803
9.562355784929244
2.9879055893409703
8.034602117673037
4.413298543060125
1.0972540687191583
15.081927005488438
8.57314239115866
13.81784742153787
15.186137220585929
9.140311134221214
9.10331215742151
2.520947376748362
8.565841913689482
13.291421161329913
4.852993291244921
4.595474055929012
9.020993107676244
4.448926430363511
4.124760916523322
12.234397205250296
4.220691581283388
2.7334887931303165
9.272930887808384
12.621204819306925
8.233219572782946
8.780788803010232
12.790332588593914
4.321192814699653
4.509874965181812
14.509936738447125
1.470876379444063
12.862584232896587
4.720953898404667
4.4211775222129726
8.574412719344231
14.030164889350884
8.61174605134773
2.7493273086358885
9.704678711024835
4.056905385877274
8.184279496643363
12.227426748579228
4.006190056484316
14.39301433468863
15.082000409282607
9.295799741302718
1.7287859169437259
8.056213517808976
9.37225232853661
14.62570930791785
8.769541485873763
4.41071559131142
2.275217810602066
2.96101431246949
1.5080466837321869
1.9370219295713722
4.057080829388378
8.488401711759163
2.6988219075331905
13.902794666804954
8.389323979867637
12.900695138251413
2.3164638303418146
15.242526060137758
2.1521336948410372
1.9591931832625575
4.8202491225267545
14.650108672801814
4.422815340463995
9.017071758685352
8.086665851034043
15.514073673914034
4.52488956387532
4.74046685016297
2.9111576605914906
4.113149471547826
8.907034030027226
4.8429110826617965
2.01151841458568
9.279090207201678
12.771620436843005
4.676507018121309
4.435108595275292
1.7555154568630533
15.57186095574179
12.183487273851156
2.808087072253454
15.618763070942169
4.794684310531064
4.029136137111416
13.267902058412341
4.009679289073055
2.4357411823825545
8.26610624234296
2.6117484247546017
4.184583709568153
4.227107949018173
1.678787036816677
13.721022754860716
8.747593514268326
12.729417977669502
13.69047473749039
9.492944095471104
9.140134361719484
8.789288816788385
8.730909432880702
4.906067123729274
2.396739371241667
4.684866960716489
8.148299935197356
2.5312844089919704
4.0359507230208065
13.031806686229535
8.233409102951004
1.1866907666262878
8.351352837540265
4.704171814433012
1.4005794271326277
4.184380938932635
4.971855690828457
9.284281694023429
1.7603585531768398
9.980755236174886
2.2291577212892886
8.734071682348489
1.6756043306629358
4.414656052244362
15.137082500260304
9.8142787613915
2.2394327622492254
14.586679998631123
2.8638623580261315
15.375202603300124
13.159887406453208
2.4610513644456393
13.004008058249987
1.0623734838117536
15.802010342092272
15.20971190921402
8.7023826391952
4.983234148987044
8.746598088235674
8.140663186922268
2.5520043930164866
2.1113153260394624
12.066246017364847
14.034751519544276
4.663034336171256
8.109906461772837
4.886343170953239
13.31433227677231
8.704740461658538
2.1176135850935194
12.62949263287673
1.5605658178621977
1.6205152145095072
1.030217175021104
8.405761257692626
15.56835956926117
14.970013087893085
8.625846705571519
12.709530545970516
2.5275090397503033
13.87583264235463
8.355068676817272
1.1003310242247226
2.3199391637784688
1.9252883331952153
13.638810364277706
15.664377224905186
1.1665172524058993
4.876615380874663
9.265007820235382
4.690863249181581
2.3336396892209894
4.276486184679974
1.8707469273738426
12.439579392549888
12.949188419034568
1.6758514196571492
12.215892826618989
14.869767171698083
13.505988961317296
14.148075546528366
15.86766342935095
2.3650004960256883
9.958711583998424
1.708609055993712
9.342487923475318
1.7503592452730823
4.106542278578762
12.166819393742973
1.9494919036144545
4.535146352661715
15.100247904500204
14.486057438773857
9.110758435380871
2.797780833018487
9.252089130045347
13.24365216327741
9.272213598607287
8.085124869214061
4.751190591642896
4.245502773917264
14.193105998794975
9.202067493794933
4.425225554590704
15.254734431192006
4.105011354666775
4.179741346640462
2.747730717521241
4.451901146843504
15.711798911473506
8.178032704734301
9.98539965642503
8.34121917388963
2.0985441988149875
9.30264568361052
1.0974745168807247
14.405232649008996
4.383685810718628
9.053716610297558
2.262439261500277
1.3425087995740435
8.130385222737797
1.1418300129001053
2.7488560081591524
4.2013447098276995
2.755595417366993
4.787660544722755
1.4257901520500216
4.921896928625274
2.872839499843737
4.01625921098041
2.239317597998357
1.0242747949781568
2.8428202007112624
12.086231738945665
9.870393078397024
4.348899974370394
4.167008975150084
9.501705963514965
8.608978783900179
4.472335619826067
12.235132974175865
13.641043960182381
4.284310398493334
4.573549634446334
4.653335060116228
9.929334587967935
9.234631204796983
2.1331012479863043
4.889184326040276
9.203459191912446
1.3184565580017422
12.420343221633901
4.743699645720557
8.020136837775835
4.067670820925582
12.266080100829079
4.220964127720595
4.714729189377659
9.144882432083135
4.419721963453673
15.979004596362039
4.344599726336545
13.81946579421399
9.605123640850438
1.6445843990165319
2.692598391350747
4.206032900549232
8.794563734352831
8.863507418534915
4.998772940634215
8.850091403195966
14.599833755621539
9.345329692497703
12.94879339111272
1.0689776888300795
4.533391188800906
15.39051393189007
4.273472655340687
9.11178975677684
4.346532486524607
4.508518715304308
9.747280260489612
4.133814228272659
15.095771175727752
9.745080663764755
4.373621137079774
4.374379743301102
2.339549799820901
8.347338623301109
4.259154546036592
1.5185775187388015
4.454546494132099
15.547902565234656
15.349511588021993
8.365087243330349
13.509599070164526
13.075015236366493
12.645549652382094
2.241458949332869
8.049884123525537
1.3707261035410883
9.642189724284336
1.5175427407620614
13.122020038969676
2.4786028415862225
14.242263721498158
12.299432678116812
9.598879382709738
15.472226028124174
1.409859942727074
4.201983355166672
8.139516035943686
9.631357681832885
2.3257894463650755
12.699054858578906
15.459236276910458
4.2643070121203355
2.9578007472572123
12.65917799052394
8.195465399094175
2.791744250174211
4.313261907873481
9.862978044291939
12.31466535007155
8.037790990239335
2.252958155330413
8.356561672411953
4.31607045210203
